> summaryRprof("hmcTree_Rprof.out")
$by.self
                self.time self.pct total.time total.pct
".Fortran"         546.56    99.90     546.56     99.90
"[[.data.frame"      0.06     0.01       0.08      0.01
"hclass"             0.04     0.01       0.06      0.01
"paste"              0.04     0.01       0.06      0.01
"as.character"       0.04     0.01       0.04      0.01
"as.double"          0.04     0.01       0.04      0.01
"matrix"             0.04     0.01       0.04      0.01
"meVVE"              0.02     0.00     256.38     46.86
"meVEV"              0.02     0.00       0.34      0.06
"meVEE"              0.02     0.00       0.22      0.04
"["                  0.02     0.00       0.08      0.01
"[.data.frame"       0.02     0.00       0.06      0.01
"array"              0.02     0.00       0.04      0.01
"table"              0.02     0.00       0.04      0.01
"<Anonymous>"        0.02     0.00       0.02      0.00
"aperm"              0.02     0.00       0.02      0.00
"as.integer"         0.02     0.00       0.02      0.00
"bic"                0.02     0.00       0.02      0.00
"meVII"              0.02     0.00       0.02      0.00
"sys.call"           0.02     0.00       0.02      0.00

$by.total
                    total.time total.pct self.time self.pct
"hmc"                   547.08    100.00      0.00     0.00
"hmcTree"               547.08    100.00      0.00     0.00
"Do"                    547.04     99.99      0.00     0.00
"fun"                   547.04     99.99      0.00     0.00
"node$Do"               547.04     99.99      0.00     0.00
"eval"                  546.80     99.95      0.00     0.00
".Fortran"              546.56     99.90    546.56    99.90
"me"                    538.14     98.37      0.00     0.00
"mclustBIC"             503.00     91.94      0.00     0.00
"meEVE"                 280.20     51.22      0.00     0.00
"meVVE"                 256.38     46.86      0.02     0.00
"Mclust"                 43.96      8.04      0.00     0.00
"summary.mclustBIC"      43.90      8.02      0.00     0.00
"summary"                43.90      8.02      0.00     0.00
"summaryMclustBIC"       43.90      8.02      0.00     0.00
"mstep"                   7.10      1.30      0.00     0.00
"mstepVVE"                4.46      0.82      0.00     0.00
"mstepEVE"                2.62      0.48      0.00     0.00
"hc"                      1.42      0.26      0.00     0.00
"hcVVV"                   1.42      0.26      0.00     0.00
"meVEV"                   0.34      0.06      0.02     0.00
"meVVV"                   0.26      0.05      0.00     0.00
"meVEE"                   0.22      0.04      0.02     0.00
"meEEE"                   0.22      0.04      0.00     0.00
"meEEV"                   0.22      0.04      0.00     0.00
"meEVV"                   0.14      0.03      0.00     0.00
"mvn"                     0.12      0.02      0.00     0.00
"[[.data.frame"           0.08      0.01      0.06     0.01
"["                       0.08      0.01      0.02     0.00
"[["                      0.08      0.01      0.00     0.00
"mvnXXX"                  0.08      0.01      0.00     0.00
"hclass"                  0.06      0.01      0.04     0.01
"paste"                   0.06      0.01      0.04     0.01
"[.data.frame"            0.06      0.01      0.02     0.00
"data.matrix"             0.06      0.01      0.00     0.00
"meVEI"                   0.06      0.01      0.00     0.00
"as.character"            0.04      0.01      0.04     0.01
"as.double"               0.04      0.01      0.04     0.01
"matrix"                  0.04      0.01      0.04     0.01
"array"                   0.04      0.01      0.02     0.00
"table"                   0.04      0.01      0.02     0.00
"apply"                   0.04      0.01      0.00     0.00
"meEEI"                   0.04      0.01      0.00     0.00
"unmap"                   0.04      0.01      0.00     0.00
"<Anonymous>"             0.02      0.00      0.02     0.00
"aperm"                   0.02      0.00      0.02     0.00
"as.integer"              0.02      0.00      0.02     0.00
"bic"                     0.02      0.00      0.02     0.00
"meVII"                   0.02      0.00      0.02     0.00
"sys.call"                0.02      0.00      0.02     0.00
"%in%"                    0.02      0.00      0.00     0.00
"$.data.frame"            0.02      0.00      0.00     0.00
"$"                       0.02      0.00      0.00     0.00
"factor"                  0.02      0.00      0.00     0.00
"filterFun"               0.02      0.00      0.00     0.00
"FUN"                     0.02      0.00      0.00     0.00
"match"                   0.02      0.00      0.00     0.00
"meEVI"                   0.02      0.00      0.00     0.00
"meVVI"                   0.02      0.00      0.00     0.00
"mstepEVI"                0.02      0.00      0.00     0.00
"node$Get"                0.02      0.00      0.00     0.00
"order"                   0.02      0.00      0.00     0.00
"pickBIC"                 0.02      0.00      0.00     0.00
"Reduce"                  0.02      0.00      0.00     0.00
"Traverse"                0.02      0.00      0.00     0.00

$sample.interval
[1] 0.02

$sampling.time
[1] 547.08